136
151
105
195
183
106
101
167
154
130
100
190
110
149
142
103
193
137
163
166
111
107
162
132
138
199
200
147
157
174
117
161
191
169
128
158
114
121
180
116
364
282
302
333
221
223
367
286
212
266
345
271
312
362
273
278
343
318
344
243
218
381
283
259
396
303
261
369
253
268
397
348
356
383
298
245
376
342
320
231
210
351
373
371
309
393
350
207
205
375
390
337
241
220
204
354
274
399
336
230
386
287
363
322
352
229
225
340
325
384
263
284
378
292
329
392
395
365
227
213
201
295
316
265
398
358
285
255
226
235
280
260
349
361
214
232
323
394
377
315
357
248
391
233
291
389
267
258
305
217
208
368
330
290
366
296
372
388
289
264
380
400
297
251
346
328
327
238
370
247
262
222
338
324
321
294
300
347
239
293
242
234
279
269
339
387
246
311
257
237
200
313
319
203
252
382
254
335
308
288
277
355
206
379
236
209
276
281
374
334
326
211
249
240
332
317
256
215
216
304
250
307
244
272
306
360
224
299
331
275
219
270
301
228
202
341
310
314
353
359
385
176
194
129
125
148
181
187
172
171
112
135
197
182
124
164
185
108
153
146
198
196
178
189
134
122
160
173
104
179
150
126
152
145
123
120
186
159
143
127
165
119
109
140
139
177
102
133
141
192
118
184
175
170
115
144
131
156
188
155
113
168